0.000	0.000	-4.44	0.00
0.000	0.000	-4.44	0.25
0.000	0.000	-4.44	0.25
0.000	0.000	-4.44	0.25
0.000	0.000	-4.44	0.75
0.000	0.000	-4.44	1.25
0.000	0.000	-4.44	1.75
0.000	0.000	-4.44	2.25
0.000	0.000	-4.44	2.75
0.000	0.000	-4.44	3.75
0.000	0.000	-4.44	4.74
0.000	0.000	-4.44	5.75
0.000	0.000	-4.44	6.75
0.000	0.000	-4.44	7.75
0.000	0.000	-4.44	8.75
0.000	0.000	-4.44	9.75
0.000	0.000	-4.44	10.99
0.000	0.000	-4.44	11.00
0.000	0.000	-4.44	11.96
0.000	0.000	-4.38	0.00
0.000	0.000	-4.38	0.25
0.000	0.000	-4.38	0.25
167.789	123.547	-4.38	0.25
234.958	60.271	-4.38	0.75
252.773	45.785	-4.38	1.25
156.075	34.754	-4.38	1.75
178.150	29.510	-4.38	2.25
153.177	25.041	-4.38	2.75
99.084	22.459	-4.38	3.75
107.858	20.337	-4.38	4.74
556.438	53.182	-4.38	5.75
687.889	76.915	-4.38	6.75
90.575	18.684	-4.38	7.75
87.849	14.156	-4.38	8.75
99.316	13.325	-4.38	9.75
105.797	12.513	-4.38	10.99
102.218	12.247	-4.38	11.00
133.764	11.696	-4.38	11.96
141.853	11.230	-4.29	0.00
145.039	10.716	-4.29	0.25
189.829	10.528	-4.29	0.25
201.738	10.103	-4.29	0.25
282.390	10.815	-4.29	0.75
782.967	27.810	-4.29	1.25
313.521	12.476	-4.29	1.75
387.987	9.282	-4.29	2.25
470.815	9.087	-4.29	2.75
535.969	8.948	-4.29	3.75
596.343	8.671	-4.29	4.74
608.574	8.576	-4.29	5.75
540.392	8.335	-4.29	6.75
473.845	8.067	-4.29	7.75
373.557	8.014	-4.29	8.75
298.005	7.703	-4.29	9.75
239.434	7.568	-4.29	10.99
220.475	7.684	-4.29	11.00
225.453	7.943	-4.29	11.96
225.645	7.532	-4.22	0.00
279.631	7.653	-4.22	0.25
332.863	8.000	-4.22	0.25
428.037	8.322	-4.22	0.25
534.992	8.670	-4.22	0.75
619.289	9.003	-4.22	1.25
637.795	9.300	-4.22	1.75
581.809	9.518	-4.22	2.25
500.867	9.815	-4.22	2.75
424.565	9.976	-4.22	3.75
365.187	10.813	-4.22	4.74
721.623	30.931	-4.22	5.75
249.372	11.463	-4.22	6.75
208.643	11.705	-4.22	7.75
185.722	12.179	-4.22	8.75
135.199	13.291	-4.22	9.75
167.469	14.351	-4.22	10.99
155.229	15.845	-4.22	11.00
125.169	17.441	-4.22	11.96
134.871	19.110	-4.14	0.00
138.730	20.833	-4.14	0.25
75.872	22.997	-4.14	0.25
87.018	27.204	-4.14	0.25
118.730	33.987	-4.14	0.75
129.899	45.197	-4.14	1.25
66.245	57.426	-4.14	1.75
92.539	123.311	-4.14	2.25
0.000	0.000	-4.14	2.75
0.000	0.000	-4.14	3.75
0.000	0.000	-4.14	4.74
0.000	0.000	-4.14	5.75
0.000	0.000	-4.14	6.75
0.000	0.000	-4.14	7.75
0.000	0.000	-4.14	8.75
0.000	0.000	-4.14	9.75
0.000	0.000	-4.14	10.99
0.000	0.000	-4.14	11.00
0.000	0.000	-4.14	11.96
0.000	0.000	-4.06	0.00
0.000	0.000	-4.06	0.25
0.000	0.000	-4.06	0.25
0.000	0.000	-4.06	0.25
0.000	0.000	-4.06	0.75
0.000	0.000	-4.06	1.25
0.000	0.000	-4.06	1.75
0.000	0.000	-4.06	2.25
0.000	0.000	-4.06	2.75
0.000	0.000	-4.06	3.75
0.000	0.000	-4.06	4.74
0.000	0.000	-4.06	5.75
0.000	0.000	-4.06	6.75
0.000	0.000	-4.06	7.75
0.000	0.000	-4.06	8.75
0.000	0.000	-4.06	9.75
0.000	0.000	-4.06	10.99
0.000	0.000	-4.06	11.00
0.000	0.000	-4.06	11.96
0.000	0.000	-3.98	0.00
0.000	0.000	-3.98	0.25
0.000	0.000	-3.98	0.25
0.000	0.000	-3.98	0.25
0.000	0.000	-3.98	0.75
0.000	0.000	-3.98	1.25
0.000	0.000	-3.98	1.75
0.000	0.000	-3.98	2.25
0.000	0.000	-3.98	2.75
0.000	0.000	-3.98	3.75
0.000	0.000	-3.98	4.74
0.000	0.000	-3.98	5.75
0.000	0.000	-3.98	6.75
0.000	0.000	-3.98	7.75
0.000	0.000	-3.98	8.75
0.000	0.000	-3.98	9.75
0.000	0.000	-3.98	10.99
0.000	0.000	-3.98	11.00
0.000	0.000	-3.98	11.96
0.000	0.000	-3.90	0.00
0.000	0.000	-3.90	0.25
0.000	0.000	-3.90	0.25
0.000	0.000	-3.90	0.25
0.000	0.000	-3.90	0.75
0.000	0.000	-3.90	1.25
0.000	0.000	-3.90	1.75
0.000	0.000	-3.90	2.25
0.000	0.000	-3.90	2.75
0.000	0.000	-3.90	3.75
0.000	0.000	-3.90	4.74
0.000	0.000	-3.90	5.75
0.000	0.000	-3.90	6.75
0.000	0.000	-3.90	7.75
22.623	5.883	-3.90	8.75
20.154	2.129	-3.90	9.75
21.901	1.850	-3.90	10.99
23.923	0.947	-3.90	11.00
0.000	0.000	-3.90	11.96
26.236	1.054	-3.82	0.00
28.161	0.978	-3.82	0.25
31.702	0.912	-3.82	0.25
36.029	0.989	-3.82	0.25
37.812	0.884	-3.82	0.75
45.642	0.989	-3.82	1.25
52.809	0.970	-3.82	1.75
59.025	1.000	-3.82	2.25
62.471	1.012	-3.82	2.75
66.328	0.989	-3.82	3.75
59.858	0.977	-3.82	4.74
57.028	0.914	-3.82	5.75
50.548	0.869	-3.82	6.75
44.420	0.796	-3.82	7.75
41.387	0.777	-3.82	8.75
38.797	0.743	-3.82	9.75
40.157	0.756	-3.82	10.99
41.328	0.756	-3.82	11.00
42.113	0.780	-3.82	11.96
45.995	0.806	-3.74	0.00
51.505	0.887	-3.74	0.25
57.367	0.955	-3.74	0.25
62.512	0.956	-3.74	0.25
65.719	0.991	-3.74	0.75
66.541	1.041	-3.74	1.25
62.263	1.097	-3.74	1.75
58.086	1.024	-3.74	2.25
51.302	1.018	-3.74	2.75
43.919	1.013	-3.74	3.75
39.430	0.963	-3.74	4.74
39.872	1.136	-3.74	5.75
36.388	1.059	-3.74	6.75
34.674	1.125	-3.74	7.75
33.267	1.145	-3.74	8.75
31.074	1.181	-3.74	9.75
30.611	1.264	-3.74	10.99
33.058	1.423	-3.74	11.00
30.918	1.585	-3.74	11.96
37.559	1.873	-3.66	0.00
38.683	3.505	-3.66	0.25
55.475	10.275	-3.66	0.25
0.000	0.000	-3.66	0.25
0.000	0.000	-3.66	0.75
0.000	0.000	-3.66	1.25
0.000	0.000	-3.66	1.75
0.000	0.000	-3.66	2.25
0.000	0.000	-3.66	2.75
0.000	0.000	-3.66	3.75
0.000	0.000	-3.66	4.74
0.000	0.000	-3.66	5.75
0.000	0.000	-3.66	6.75
0.000	0.000	-3.66	7.75
0.000	0.000	-3.66	8.75
0.000	0.000	-3.66	9.75
0.000	0.000	-3.66	10.99
0.000	0.000	-3.66	11.00
0.000	0.000	-3.66	11.96
0.000	0.000	-3.58	0.00
0.000	0.000	-3.58	0.25
0.000	0.000	-3.58	0.25
0.000	0.000	-3.58	0.25
0.000	0.000	-3.58	0.75
0.000	0.000	-3.58	1.25
0.000	0.000	-3.58	1.75
0.000	0.000	-3.58	2.25
0.000	0.000	-3.58	2.75
0.000	0.000	-3.58	3.75
0.000	0.000	-3.58	4.74
0.000	0.000	-3.58	5.75
0.000	0.000	-3.58	6.75
0.000	0.000	-3.58	7.75
0.000	0.000	-3.58	8.75
0.000	0.000	-3.58	9.75
0.000	0.000	-3.58	10.99
0.000	0.000	-3.58	11.00
0.000	0.000	-3.58	11.96
0.000	0.000	-3.50	0.00
0.000	0.000	-3.50	0.25
0.000	0.000	-3.50	0.25
0.000	0.000	-3.50	0.25
0.000	0.000	-3.50	0.75
0.000	0.000	-3.50	1.25
0.000	0.000	-3.50	1.75
0.000	0.000	-3.50	2.25
0.000	0.000	-3.50	2.75
0.000	0.000	-3.50	3.75
0.000	0.000	-3.50	4.74
0.000	0.000	-3.50	5.75
0.000	0.000	-3.50	6.75
0.000	0.000	-3.50	7.75
0.000	0.000	-3.50	8.75
0.000	0.000	-3.50	9.75
0.000	0.000	-3.50	10.99
0.000	0.000	-3.50	11.00
0.000	0.000	-3.50	11.96
0.000	0.000	-3.42	0.00
0.000	0.000	-3.42	0.25
0.000	0.000	-3.42	0.25
0.000	0.000	-3.42	0.25
0.000	0.000	-3.42	0.75
0.000	0.000	-3.42	1.25
0.000	0.000	-3.42	1.75
0.000	0.000	-3.42	2.25
0.000	0.000	-3.42	2.75
0.000	0.000	-3.42	3.75
23.950	3.088	-3.42	4.74
23.809	1.926	-3.42	5.75
21.671	1.607	-3.42	6.75
24.154	1.486	-3.42	7.75
22.169	1.445	-3.42	8.75
25.158	0.980	-3.42	9.75
0.000	0.000	-3.42	10.99
27.909	1.236	-3.42	11.00
29.993	1.378	-3.42	11.96
35.388	1.343	-3.34	0.00
37.846	1.421	-3.34	0.25
41.077	1.370	-3.34	0.25
44.774	1.408	-3.34	0.25
51.886	1.446	-3.34	0.75
58.961	1.494	-3.34	1.25
65.936	1.529	-3.34	1.75
66.261	1.560	-3.34	2.25
67.163	1.512	-3.34	2.75
58.923	1.503	-3.34	3.75
50.781	1.318	-3.34	4.74
47.689	1.236	-3.34	5.75
41.018	1.201	-3.34	6.75
40.775	1.149	-3.34	7.75
41.025	1.178	-3.34	8.75
42.016	1.250	-3.34	9.75
44.186	1.185	-3.34	10.99
47.239	1.239	-3.34	11.00
52.908	1.360	-3.34	11.96
60.969	1.532	-3.26	0.00
67.967	1.541	-3.26	0.25
69.846	1.606	-3.26	0.25
73.854	1.720	-3.26	0.25
67.577	1.808	-3.26	0.75
59.517	1.593	-3.26	1.25
54.722	1.573	-3.26	1.75
44.675	1.408	-3.26	2.25
39.559	1.462	-3.26	2.75
35.314	1.512	-3.26	3.75
29.394	1.506	-3.26	4.74
26.162	1.717	-3.26	5.75
27.268	2.165	-3.26	6.75
22.619	2.516	-3.26	7.75
23.330	4.153	-3.26	8.75
19.585	5.474	-3.26	9.75
0.000	0.000	-3.26	10.99
0.000	0.000	-3.26	11.00
0.000	0.000	-3.26	11.96
0.000	0.000	-3.18	0.00
0.000	0.000	-3.18	0.25
0.000	0.000	-3.18	0.25
0.000	0.000	-3.18	0.25
0.000	0.000	-3.18	0.75
0.000	0.000	-3.18	1.25
0.000	0.000	-3.18	1.75
0.000	0.000	-3.18	2.25
0.000	0.000	-3.18	2.75
0.000	0.000	-3.18	3.75
0.000	0.000	-3.18	4.74
0.000	0.000	-3.18	5.75
0.000	0.000	-3.18	6.75
0.000	0.000	-3.18	7.75
0.000	0.000	-3.18	8.75
0.000	0.000	-3.18	9.75
0.000	0.000	-3.18	10.99
0.000	0.000	-3.18	11.00
0.000	0.000	-3.18	11.96
0.000	0.000	-3.10	0.00
0.000	0.000	-3.10	0.25
0.000	0.000	-3.10	0.25
0.000	0.000	-3.10	0.25
0.000	0.000	-3.10	0.75
0.000	0.000	-3.10	1.25
0.000	0.000	-3.10	1.75
0.000	0.000	-3.10	2.25
0.000	0.000	-3.10	2.75
0.000	0.000	-3.10	3.75
0.000	0.000	-3.10	4.74
0.000	0.000	-3.10	5.75
0.000	0.000	-3.10	6.75
0.000	0.000	-3.10	7.75
0.000	0.000	-3.10	8.75
0.000	0.000	-3.10	9.75
0.000	0.000	-3.10	10.99
0.000	0.000	-3.10	11.00
0.000	0.000	-3.10	11.96
0.000	0.000	-3.02	0.00
0.000	0.000	-3.02	0.25
0.000	0.000	-3.02	0.25
0.000	0.000	-3.02	0.25
0.000	0.000	-3.02	0.75
0.000	0.000	-3.02	1.25
0.000	0.000	-3.02	1.75
0.000	0.000	-3.02	2.25
0.000	0.000	-3.02	2.75
0.000	0.000	-3.02	3.75
0.000	0.000	-3.02	4.74
0.000	0.000	-3.02	5.75
0.000	0.000	-3.02	6.75
0.000	0.000	-3.02	7.75
0.000	0.000	-3.02	8.75
0.000	0.000	-3.02	9.75
0.000	0.000	-3.02	10.99
0.000	0.000	-3.02	11.00
0.000	0.000	-3.02	11.96
0.000	0.000	-2.94	0.00
0.000	0.000	-2.94	0.25
0.000	0.000	-2.94	0.25
0.000	0.000	-2.94	0.25
0.000	0.000	-2.94	0.75
0.000	0.000	-2.94	1.25
0.000	0.000	-2.94	1.75
25.996	3.303	-2.94	2.25
26.037	3.771	-2.94	2.75
21.945	2.409	-2.94	3.75
21.429	2.406	-2.94	4.74
22.013	2.263	-2.94	5.75
25.263	2.545	-2.94	6.75
26.590	1.693	-2.94	7.75
0.000	0.000	-2.94	8.75
29.106	2.041	-2.94	9.75
28.800	2.187	-2.94	10.99
30.935	2.086	-2.94	11.00
38.066	2.444	-2.94	11.96
43.620	2.427	-2.86	0.00
51.264	3.284	-2.86	0.25
51.091	2.359	-2.86	0.25
62.522	2.701	-2.86	0.25
64.855	2.613	-2.86	0.75
66.004	2.884	-2.86	1.25
61.768	2.748	-2.86	1.75
57.208	2.385	-2.86	2.25
50.386	2.345	-2.86	2.75
44.524	2.199	-2.86	3.75
44.337	2.211	-2.86	4.74
41.714	2.217	-2.86	5.75
40.712	2.177	-2.86	6.75
41.700	1.908	-2.86	7.75
44.037	2.405	-2.86	8.75
51.904	2.286	-2.86	9.75
49.560	2.370	-2.86	10.99
64.438	2.691	-2.86	11.00
67.574	2.729	-2.86	11.96
69.280	2.822	-2.78	0.00
66.128	2.898	-2.78	0.25
62.542	2.842	-2.78	0.25
53.339	2.265	-2.78	0.25
44.815	2.600	-2.78	0.75
43.959	2.836	-2.78	1.25
54.916	3.008	-2.78	1.75
31.344	2.721	-2.78	2.25
20.931	2.618	-2.78	2.75
14.822	3.641	-2.78	3.75
20.380	3.475	-2.78	4.74
17.500	3.971	-2.78	5.75
12.351	3.214	-2.78	6.75
23.782	6.093	-2.78	7.75
15.705	5.141	-2.78	8.75
0.000	0.000	-2.78	9.75
0.000	0.000	-2.78	10.99
0.000	0.000	-2.78	11.00
0.000	0.000	-2.78	11.96
0.000	0.000	-2.70	0.00
0.000	0.000	-2.70	0.25
0.000	0.000	-2.70	0.25
0.000	0.000	-2.70	0.25
0.000	0.000	-2.70	0.75
0.000	0.000	-2.70	1.25
0.000	0.000	-2.70	1.75
0.000	0.000	-2.70	2.25
0.000	0.000	-2.70	2.75
0.000	0.000	-2.70	3.75
0.000	0.000	-2.70	4.74
0.000	0.000	-2.70	5.75
0.000	0.000	-2.70	6.75
0.000	0.000	-2.70	7.75
0.000	0.000	-2.70	8.75
0.000	0.000	-2.70	9.75
0.000	0.000	-2.70	10.99
0.000	0.000	-2.70	11.00
0.000	0.000	-2.70	11.96
0.000	0.000	-2.62	0.00
0.000	0.000	-2.62	0.25
0.000	0.000	-2.62	0.25
0.000	0.000	-2.62	0.25
0.000	0.000	-2.62	0.75
0.000	0.000	-2.62	1.25
0.000	0.000	-2.62	1.75
0.000	0.000	-2.62	2.25
0.000	0.000	-2.62	2.75
0.000	0.000	-2.62	3.75
0.000	0.000	-2.62	4.74
0.000	0.000	-2.62	5.75
0.000	0.000	-2.62	6.75
0.000	0.000	-2.62	7.75
0.000	0.000	-2.62	8.75
0.000	0.000	-2.62	9.75
0.000	0.000	-2.62	10.99
0.000	0.000	-2.62	11.00
0.000	0.000	-2.62	11.96
0.000	0.000	-2.54	0.00
0.000	0.000	-2.54	0.25
0.000	0.000	-2.54	0.25
0.000	0.000	-2.54	0.25
0.000	0.000	-2.54	0.75
0.000	0.000	-2.54	1.25
0.000	0.000	-2.54	1.75
0.000	0.000	-2.54	2.25
0.000	0.000	-2.54	2.75
0.000	0.000	-2.54	3.75
0.000	0.000	-2.54	4.74
4.723	3.242	-2.54	5.75
4.366	1.252	-2.54	6.75
5.810	1.882	-2.54	7.75
5.101	1.043	-2.54	8.75
4.230	0.736	-2.54	9.75
3.782	0.561	-2.54	10.99
3.254	0.467	-2.54	11.00
3.179	0.396	-2.54	11.96
5.246	1.712	-2.46	0.00
10.757	3.848	-2.46	0.25
14.562	3.895	-2.46	0.25
10.804	0.587	-2.46	0.25
26.005	5.723	-2.46	0.75
15.598	3.689	-2.46	1.25
10.764	3.138	-2.46	1.75
10.352	2.791	-2.46	2.25
9.066	2.593	-2.46	2.75
9.254	2.267	-2.46	3.75
10.322	2.881	-2.46	4.74
12.416	1.863	-2.46	5.75
4.329	0.301	-2.46	6.75
17.798	3.560	-2.46	7.75
22.596	3.080	-2.46	8.75
28.904	3.945	-2.46	9.75
35.978	3.936	-2.46	10.99
43.119	4.708	-2.46	11.00
53.719	4.512	-2.46	11.96
58.466	4.920	-2.38	0.00
66.985	5.714	-2.38	0.25
67.615	5.121	-2.38	0.25
68.173	5.007	-2.38	0.25
64.243	4.705	-2.38	0.75
59.276	4.899	-2.38	1.25
54.147	4.311	-2.38	1.75
47.333	4.059	-2.38	2.25
47.526	5.454	-2.38	2.75
43.349	3.860	-2.38	3.75
41.803	3.723	-2.38	4.74
41.925	4.060	-2.38	5.75
47.164	4.360	-2.38	6.75
51.389	4.359	-2.38	7.75
55.011	5.479	-2.38	8.75
60.354	4.292	-2.38	9.75
66.403	5.475	-2.38	10.99
70.060	4.965	-2.38	11.00
68.889	4.831	-2.38	11.96
68.542	5.811	-2.30	0.00
63.383	5.140	-2.30	0.25
53.504	4.938	-2.30	0.25
45.803	4.559	-2.30	0.25
39.567	5.040	-2.30	0.75
28.022	5.120	-2.30	1.25
23.206	4.221	-2.30	1.75
18.574	4.921	-2.30	2.25
14.808	3.780	-2.30	2.75
13.176	4.615	-2.30	3.75
10.648	3.426	-2.30	4.74
10.227	3.775	-2.30	5.75
9.475	3.428	-2.30	6.75
10.905	3.494	-2.30	7.75
9.302	6.322	-2.30	8.75
12.010	8.726	-2.30	9.75
8.491	6.308	-2.30	10.99
4.565	3.517	-2.30	11.00
3.165	0.883	-2.30	11.96
3.295	1.032	-2.22	0.00
3.639	1.534	-2.22	0.25
3.353	1.524	-2.22	0.25
3.464	2.307	-2.22	0.25
2.172	1.475	-2.22	0.75
2.577	2.304	-2.22	1.25
0.000	0.000	-2.22	1.75
0.000	0.000	-2.22	2.25
0.000	0.000	-2.22	2.75
0.000	0.000	-2.22	3.75
0.000	0.000	-2.22	4.74
0.000	0.000	-2.22	5.75
0.000	0.000	-2.22	6.75
0.000	0.000	-2.22	7.75
0.000	0.000	-2.22	8.75
0.000	0.000	-2.22	9.75
0.000	0.000	-2.22	10.99
0.000	0.000	-2.22	11.00
0.000	0.000	-2.22	11.96
0.000	0.000	-2.14	0.00
0.000	0.000	-2.14	0.25
0.000	0.000	-2.14	0.25
0.000	0.000	-2.14	0.25
0.000	0.000	-2.14	0.75
0.000	0.000	-2.14	1.25
0.000	0.000	-2.14	1.75
0.000	0.000	-2.14	2.25
0.000	0.000	-2.14	2.75
0.000	0.000	-2.14	3.75
0.000	0.000	-2.14	4.74
0.000	0.000	-2.14	5.75
0.000	0.000	-2.14	6.75
0.000	0.000	-2.14	7.75
0.000	0.000	-2.14	8.75
0.000	0.000	-2.14	9.75
0.000	0.000	-2.14	10.99
0.000	0.000	-2.14	11.00
0.000	0.000	-2.14	11.96
0.000	0.000	-2.06	0.00
0.000	0.000	-2.06	0.25
0.000	0.000	-2.06	0.25
0.000	0.000	-2.06	0.25
0.000	0.000	-2.06	0.75
0.000	0.000	-2.06	1.25
0.000	0.000	-2.06	1.75
0.000	0.000	-2.06	2.25
0.000	0.000	-2.06	2.75
4.723	3.242	-2.06	3.75
4.366	1.252	-2.06	4.74
5.810	1.882	-2.06	5.75
5.101	1.043	-2.06	6.75
4.230	0.736	-2.06	7.75
3.782	0.561	-2.06	8.75
3.254	0.467	-2.06	9.75
3.179	0.396	-2.06	10.99
5.246	1.712	-2.06	11.00
10.757	3.848	-2.06	11.96
14.562	3.895	-1.98	0.00
10.804	0.587	-1.98	0.25
26.005	5.723	-1.98	0.25
15.598	3.689	-1.98	0.25
10.764	3.138	-1.98	0.75
10.352	2.791	-1.98	1.25
9.066	2.593	-1.98	1.75
9.254	2.267	-1.98	2.25
10.322	2.881	-1.98	2.75
12.416	1.863	-1.98	3.75
4.329	0.301	-1.98	4.74
17.798	3.560	-1.98	5.75
22.596	3.080	-1.98	6.75
28.904	3.945	-1.98	7.75
35.978	3.936	-1.98	8.75
43.119	4.708	-1.98	9.75
53.719	4.512	-1.98	10.99
58.466	4.920	-1.98	11.00
66.985	5.714	-1.98	11.96
67.615	5.121	-1.90	0.00
68.173	5.007	-1.90	0.25
64.243	4.705	-1.90	0.25
59.276	4.899	-1.90	0.25
54.147	4.311	-1.90	0.75
47.333	4.059	-1.90	1.25
47.526	5.454	-1.90	1.75
43.349	3.860	-1.90	2.25
41.803	3.723	-1.90	2.75
41.925	4.060	-1.90	3.75
47.164	4.360	-1.90	4.74
51.389	4.359	-1.90	5.75
55.011	5.479	-1.90	6.75
60.354	4.292	-1.90	7.75
66.403	5.475	-1.90	8.75
70.060	4.965	-1.90	9.75
68.889	4.831	-1.90	10.99
68.542	5.811	-1.90	11.00
63.383	5.140	-1.90	11.96
53.504	4.938	-1.82	0.00
45.803	4.559	-1.82	0.25
39.567	5.040	-1.82	0.25
28.022	5.120	-1.82	0.25
23.206	4.221	-1.82	0.75
18.574	4.921	-1.82	1.25
14.808	3.780	-1.82	1.75
13.176	4.615	-1.82	2.25
10.648	3.426	-1.82	2.75
10.227	3.775	-1.82	3.75
9.475	3.428	-1.82	4.74
10.905	3.494	-1.82	5.75
9.302	6.322	-1.82	6.75
12.010	8.726	-1.82	7.75
8.491	6.308	-1.82	8.75
4.565	3.517	-1.82	9.75
3.165	0.883	-1.82	10.99
3.295	1.032	-1.82	11.00
3.639	1.534	-1.82	11.96
3.353	1.524	-1.74	0.00
3.464	2.307	-1.74	0.25
2.172	1.475	-1.74	0.25
2.577	2.304	-1.74	0.25
0.000	0.000	-1.74	0.75
0.000	0.000	-1.74	1.25
0.000	0.000	-1.74	1.75
0.000	0.000	-1.74	2.25
0.000	0.000	-1.74	2.75
0.000	0.000	-1.74	3.75
0.000	0.000	-1.74	4.74
0.000	0.000	-1.74	5.75
0.000	0.000	-1.74	6.75
0.000	0.000	-1.74	7.75
0.000	0.000	-1.74	8.75
0.000	0.000	-1.74	9.75
0.000	0.000	-1.74	10.99
0.000	0.000	-1.74	11.00
0.000	0.000	-1.74	11.96
0.000	0.000	-1.66	0.00
0.000	0.000	-1.66	0.25
0.000	0.000	-1.66	0.25
0.000	0.000	-1.66	0.25
0.000	0.000	-1.66	0.75
0.000	0.000	-1.66	1.25
0.000	0.000	-1.66	1.75
0.000	0.000	-1.66	2.25
0.000	0.000	-1.66	2.75
0.000	0.000	-1.66	3.75
0.000	0.000	-1.66	4.74
0.000	0.000	-1.66	5.75
0.000	0.000	-1.66	6.75
0.000	0.000	-1.66	7.75
0.000	0.000	-1.66	8.75
0.000	0.000	-1.66	9.75
0.000	0.000	-1.66	10.99
0.000	0.000	-1.66	11.00
0.000	0.000	-1.66	11.96
0.000	0.000	-1.58	0.00
0.000	0.000	-1.58	0.25
0.000	0.000	-1.58	0.25
0.000	0.000	-1.58	0.25
0.000	0.000	-1.58	0.75
0.000	0.000	-1.58	1.25
55.347	3.877	-1.58	1.75
46.127	1.864	-1.58	2.25
36.820	1.185	-1.58	2.75
28.651	0.833	-1.58	3.75
21.838	0.668	-1.58	4.74
17.914	0.526	-1.58	5.75
15.549	0.418	-1.58	6.75
13.756	0.371	-1.58	7.75
14.631	0.359	-1.58	8.75
17.783	0.354	-1.58	9.75
15.400	0.330	-1.58	10.99
16.808	0.337	-1.58	11.00
22.615	0.370	-1.58	11.96
20.103	0.346	-1.50	0.00
16.841	0.299	-1.50	0.25
15.280	0.293	-1.50	0.25
13.908	0.282	-1.50	0.25
13.557	0.263	-1.50	0.75
13.702	0.260	-1.50	1.25
14.003	0.274	-1.50	1.75
15.711	0.272	-1.50	2.25
20.061	0.287	-1.50	2.75
23.882	0.335	-1.50	3.75
29.822	0.368	-1.50	4.74
36.407	0.390	-1.50	5.75
44.312	0.447	-1.50	6.75
51.440	0.467	-1.50	7.75
58.797	0.449	-1.50	8.75
64.136	0.496	-1.50	9.75
67.425	0.504	-1.50	10.99
65.654	0.511	-1.50	11.00
63.582	0.469	-1.50	11.96
61.325	0.476	-1.42	0.00
55.865	0.424	-1.42	0.25
50.760	0.425	-1.42	0.25
49.217	0.390	-1.42	0.25
45.194	0.378	-1.42	0.75
44.029	0.388	-1.42	1.25
44.509	0.392	-1.42	1.75
44.911	0.375	-1.42	2.25
49.729	0.412	-1.42	2.75
51.570	0.410	-1.42	3.75
55.315	0.434	-1.42	4.74
60.998	0.468	-1.42	5.75
66.128	0.486	-1.42	6.75
65.201	0.508	-1.42	7.75
65.417	0.479	-1.42	8.75
64.437	0.502	-1.42	9.75
59.760	0.507	-1.42	10.99
54.534	0.508	-1.42	11.00
45.918	0.484	-1.42	11.96
37.333	0.450	-1.34	0.00
30.118	0.417	-1.34	0.25
24.725	0.428	-1.34	0.25
19.152	0.372	-1.34	0.25
17.436	0.415	-1.34	0.75
16.366	0.407	-1.34	1.25
15.365	0.465	-1.34	1.75
16.291	0.539	-1.34	2.25
14.929	0.495	-1.34	2.75
13.921	0.574	-1.34	3.75
14.051	0.642	-1.34	4.74
13.263	0.630	-1.34	5.75
13.571	0.627	-1.34	6.75
13.647	0.745	-1.34	7.75
11.534	0.730	-1.34	8.75
15.996	0.916	-1.34	9.75
15.167	0.838	-1.34	10.99
15.943	0.968	-1.34	11.00
16.958	1.153	-1.34	11.96
16.164	1.411	-1.26	0.00
22.608	1.904	-1.26	0.25
24.452	2.459	-1.26	0.25
0.000	0.000	-1.26	0.25
0.000	0.000	-1.26	0.75
0.000	0.000	-1.26	1.25
0.000	0.000	-1.26	1.75
0.000	0.000	-1.26	2.25
0.000	0.000	-1.26	2.75
0.000	0.000	-1.26	3.75
0.000	0.000	-1.26	4.74
0.000	0.000	-1.26	5.75
0.000	0.000	-1.26	6.75
0.000	0.000	-1.26	7.75
0.000	0.000	-1.26	8.75
0.000	0.000	-1.26	9.75
0.000	0.000	-1.26	10.99
0.000	0.000	-1.26	11.00
0.000	0.000	-1.26	11.96
0.000	0.000	-1.18	0.00
0.000	0.000	-1.18	0.25
0.000	0.000	-1.18	0.25
0.000	0.000	-1.18	0.25
0.000	0.000	-1.18	0.75
0.000	0.000	-1.18	1.25
0.000	0.000	-1.18	1.75
0.000	0.000	-1.18	2.25
0.000	0.000	-1.18	2.75
0.000	0.000	-1.18	3.75
0.000	0.000	-1.18	4.74
0.000	0.000	-1.18	5.75
0.000	0.000	-1.18	6.75
0.000	0.000	-1.18	7.75
0.000	0.000	-1.18	8.75
0.000	0.000	-1.18	9.75
0.000	0.000	-1.18	10.99
0.000	0.000	-1.18	11.00
0.000	0.000	-1.18	11.96
0.000	0.000	-1.10	0.00
0.000	0.000	-1.10	0.25
0.000	0.000	-1.10	0.25
71.855	3.150	-1.10	0.25
64.035	1.849	-1.10	0.75
53.400	1.350	-1.10	1.25
41.143	1.011	-1.10	1.75
33.060	0.744	-1.10	2.25
26.444	0.614	-1.10	2.75
21.544	0.485	-1.10	3.75
20.254	0.446	-1.10	4.74
18.196	0.424	-1.10	5.75
20.304	0.384	-1.10	6.75
19.183	0.396	-1.10	7.75
17.662	0.350	-1.10	8.75
19.565	0.356	-1.10	9.75
25.331	0.448	-1.10	10.99
23.678	0.373	-1.10	11.00
19.977	0.348	-1.10	11.96
16.429	0.325	-1.02	0.00
16.878	0.311	-1.02	0.25
16.659	0.309	-1.02	0.25
16.003	0.315	-1.02	0.25
17.315	0.309	-1.02	0.75
19.054	0.318	-1.02	1.25
23.080	0.355	-1.02	1.75
27.171	0.397	-1.02	2.25
33.995	0.416	-1.02	2.75
41.409	0.446	-1.02	3.75
50.774	0.491	-1.02	4.74
59.420	0.542	-1.02	5.75
65.191	0.548	-1.02	6.75
70.136	0.579	-1.02	7.75
72.548	0.552	-1.02	8.75
70.524	0.540	-1.02	9.75
69.551	0.549	-1.02	10.99
67.289	0.553	-1.02	11.00
62.564	0.470	-1.02	11.96
58.537	0.494	-0.94	0.00
55.855	0.450	-0.94	0.25
51.263	0.451	-0.94	0.25
53.353	0.448	-0.94	0.25
51.152	0.426	-0.94	0.75
50.832	0.456	-0.94	1.25
55.941	0.454	-0.94	1.75
57.293	0.464	-0.94	2.25
61.435	0.485	-0.94	2.75
66.472	0.520	-0.94	3.75
68.165	0.525	-0.94	4.74
69.143	0.538	-0.94	5.75
70.668	0.559	-0.94	6.75
70.306	0.563	-0.94	7.75
66.319	0.583	-0.94	8.75
59.931	0.547	-0.94	9.75
51.048	0.533	-0.94	10.99
43.335	0.534	-0.94	11.00
35.640	0.499	-0.94	11.96
28.462	0.468	-0.86	0.00
24.179	0.490	-0.86	0.25
21.939	0.484	-0.86	0.25
20.043	0.539	-0.86	0.25
18.794	0.571	-0.86	0.75
19.981	0.614	-0.86	1.25
18.485	0.704	-0.86	1.75
18.431	0.652	-0.86	2.25
16.880	0.751	-0.86	2.75
16.704	0.726	-0.86	3.75
14.837	0.693	-0.86	4.74
16.079	0.705	-0.86	5.75
16.258	0.811	-0.86	6.75
16.866	0.838	-0.86	7.75
18.557	0.880	-0.86	8.75
19.723	0.974	-0.86	9.75
21.687	1.141	-0.86	10.99
25.753	1.348	-0.86	11.00
25.064	1.425	-0.86	11.96
28.568	2.153	-0.78	0.00
32.605	2.334	-0.78	0.25
51.061	5.111	-0.78	0.25
0.000	0.000	-0.78	0.25
0.000	0.000	-0.78	0.75
0.000	0.000	-0.78	1.25
0.000	0.000	-0.78	1.75
0.000	0.000	-0.78	2.25
0.000	0.000	-0.78	2.75
0.000	0.000	-0.78	3.75
0.000	0.000	-0.78	4.74
0.000	0.000	-0.78	5.75
0.000	0.000	-0.78	6.75
0.000	0.000	-0.78	7.75
0.000	0.000	-0.78	8.75
0.000	0.000	-0.78	9.75
0.000	0.000	-0.78	10.99
0.000	0.000	-0.78	11.00
0.000	0.000	-0.78	11.96
0.000	0.000	-0.70	0.00
0.000	0.000	-0.70	0.25
0.000	0.000	-0.70	0.25
0.000	0.000	-0.70	0.25
0.000	0.000	-0.70	0.75
0.000	0.000	-0.70	1.25
0.000	0.000	-0.70	1.75
0.000	0.000	-0.70	2.25
0.000	0.000	-0.70	2.75
0.000	0.000	-0.70	3.75
0.000	0.000	-0.70	4.74
0.000	0.000	-0.70	5.75
0.000	0.000	-0.70	6.75
0.000	0.000	-0.70	7.75
0.000	0.000	-0.70	8.75
0.000	0.000	-0.70	9.75
0.000	0.000	-0.70	10.99
0.000	0.000	-0.70	11.00
75.973	6.613	-0.70	11.96
73.928	2.867	-0.62	0.00
69.287	1.857	-0.62	0.25
59.353	1.398	-0.62	0.25
50.329	1.091	-0.62	0.25
41.464	0.866	-0.62	0.75
32.003	0.643	-0.62	1.25
27.310	0.529	-0.62	1.75
22.668	0.502	-0.62	2.25
20.941	0.444	-0.62	2.75
20.945	0.408	-0.62	3.75
19.601	0.394	-0.62	4.74
18.746	0.377	-0.62	5.75
17.895	0.352	-0.62	6.75
20.285	0.385	-0.62	7.75
23.127	0.386	-0.62	8.75
21.800	0.379	-0.62	9.75
19.639	0.341	-0.62	10.99
16.572	0.310	-0.62	11.00
16.996	0.331	-0.62	11.96
16.815	0.306	-0.54	0.00
17.875	0.321	-0.54	0.25
19.225	0.341	-0.54	0.25
19.893	0.323	-0.54	0.25
23.132	0.356	-0.54	0.75
27.607	0.406	-0.54	1.25
33.959	0.420	-0.54	1.75
40.036	0.457	-0.54	2.25
49.417	0.507	-0.54	2.75
55.322	0.499	-0.54	3.75
62.243	0.528	-0.54	4.74
66.362	0.556	-0.54	5.75
65.966	0.550	-0.54	6.75
66.806	0.534	-0.54	7.75
65.953	0.551	-0.54	8.75
60.720	0.472	-0.54	9.75
57.695	0.470	-0.54	10.99
55.791	0.469	-0.54	11.00
51.525	0.423	-0.54	11.96
48.923	0.436	-0.46	0.00
49.477	0.411	-0.46	0.25
50.238	0.414	-0.46	0.25
50.203	0.435	-0.46	0.25
53.453	0.441	-0.46	0.75
55.808	0.456	-0.46	1.25
56.208	0.448	-0.46	1.75
61.001	0.521	-0.46	2.25
63.102	0.503	-0.46	2.75
64.926	0.521	-0.46	3.75
63.719	0.535	-0.46	4.74
63.419	0.555	-0.46	5.75
61.649	0.540	-0.46	6.75
55.848	0.528	-0.46	7.75
49.883	0.528	-0.46	8.75
41.150	0.489	-0.46	9.75
35.065	0.474	-0.46	10.99
28.482	0.474	-0.46	11.00
25.139	0.461	-0.46	11.96
22.420	0.509	-0.38	0.00
20.694	0.498	-0.38	0.25
18.789	0.565	-0.38	0.25
19.309	0.606	-0.38	0.25
20.008	0.661	-0.38	0.75
18.861	0.688	-0.38	1.25
16.650	0.713	-0.38	1.75
16.205	0.680	-0.38	2.25
16.913	0.734	-0.38	2.75
16.870	0.739	-0.38	3.75
18.016	0.770	-0.38	4.74
19.656	0.855	-0.38	5.75
20.355	0.876	-0.38	6.75
21.443	0.958	-0.38	7.75
22.262	1.103	-0.38	8.75
25.378	1.104	-0.38	9.75
27.178	1.296	-0.38	10.99
33.660	1.651	-0.38	11.00
38.988	2.229	-0.38	11.96
39.631	2.564	-0.30	0.00
54.465	3.732	-0.30	0.25
0.000	0.000	-0.30	0.25
0.000	0.000	-0.30	0.25
0.000	0.000	-0.30	0.75
0.000	0.000	-0.30	1.25
0.000	0.000	-0.30	1.75
0.000	0.000	-0.30	2.25
0.000	0.000	-0.30	2.75
0.000	0.000	-0.30	3.75
0.000	0.000	-0.30	4.74
0.000	0.000	-0.30	5.75
0.000	0.000	-0.30	6.75
0.000	0.000	-0.30	7.75
0.000	0.000	-0.30	8.75
0.000	0.000	-0.30	9.75
0.000	0.000	-0.30	10.99
0.000	0.000	-0.30	11.00
0.000	0.000	-0.30	11.96
0.000	0.000	-0.22	0.00
0.000	0.000	-0.22	0.25
0.000	0.000	-0.22	0.25
0.000	0.000	-0.22	0.25
0.000	0.000	-0.22	0.75
0.000	0.000	-0.22	1.25
0.000	0.000	-0.22	1.75
0.000	0.000	-0.22	2.25
0.000	0.000	-0.22	2.75
0.000	0.000	-0.22	3.75
0.000	0.000	-0.22	4.74
0.000	0.000	-0.22	5.75
0.000	0.000	-0.22	6.75
0.000	0.000	-0.22	7.75
77.472	3.961	-0.22	8.75
79.544	2.787	-0.22	9.75
74.484	1.663	-0.22	10.99
66.763	1.569	-0.22	11.00
67.175	1.116	-0.22	11.96
58.422	0.984	-0.14	0.00
52.446	0.818	-0.14	0.25
43.087	0.759	-0.14	0.25
36.518	0.622	-0.14	0.25
30.585	0.555	-0.14	0.75
27.425	0.551	-0.14	1.25
27.136	0.491	-0.14	1.75
23.834	0.479	-0.14	2.25
20.358	0.432	-0.14	2.75
19.619	0.391	-0.14	3.75
20.781	0.431	-0.14	4.74
23.192	0.429	-0.14	5.75
23.211	0.423	-0.14	6.75
20.853	0.412	-0.14	7.75
20.050	0.377	-0.14	8.75
18.301	0.342	-0.14	9.75
17.636	0.390	-0.14	10.99
19.198	0.351	-0.14	11.00
19.835	0.371	-0.14	11.96
21.412	0.386	-0.06	0.00
24.280	0.409	-0.06	0.25
27.064	0.433	-0.06	0.25
31.293	0.448	-0.06	0.25
35.811	0.484	-0.06	0.75
42.355	0.530	-0.06	1.25
47.025	0.553	-0.06	1.75
52.508	0.518	-0.06	2.25
56.733	0.587	-0.06	2.75
58.200	0.558	-0.06	3.75
59.284	0.544	-0.06	4.74
60.143	0.550	-0.06	5.75
59.799	0.536	-0.06	6.75
58.081	0.514	-0.06	7.75
53.970	0.466	-0.06	8.75
53.330	0.468	-0.06	9.75
53.198	0.480	-0.06	10.99
51.766	0.462	-0.06	11.00
50.359	0.440	-0.06	11.96
49.149	0.460	0.02	0.00
51.047	0.444	0.02	0.25
52.391	0.454	0.02	0.25
53.220	0.476	0.02	0.25
56.462	0.510	0.02	0.75
56.422	0.492	0.02	1.25
56.604	0.501	0.02	1.75
56.244	0.532	0.02	2.25
57.197	0.527	0.02	2.75
56.599	0.545	0.02	3.75
55.389	0.557	0.02	4.74
50.518	0.526	0.02	5.75
45.833	0.530	0.02	6.75
40.479	0.524	0.02	7.75
35.594	0.545	0.02	8.75
29.939	0.525	0.02	9.75
26.106	0.533	0.02	10.99
24.092	0.529	0.02	11.00
21.445	0.574	0.02	11.96
20.656	0.642	0.10	0.00
19.042	0.687	0.10	0.25
18.846	0.645	0.10	0.25
19.745	0.714	0.10	0.25
18.292	0.775	0.10	0.75
19.187	0.780	0.10	1.25
19.558	0.798	0.10	1.75
17.215	0.806	0.10	2.25
20.112	0.865	0.10	2.75
22.843	0.943	0.10	3.75
24.053	0.991	0.10	4.74
25.749	0.986	0.10	5.75
31.130	1.155	0.10	6.75
30.324	1.166	0.10	7.75
31.578	1.138	0.10	8.75
38.628	1.492	0.10	9.75
44.716	1.506	0.10	10.99
52.289	1.835	0.10	11.00
62.206	2.313	0.10	11.96
58.427	2.818	0.18	0.00
68.103	3.493	0.18	0.25
69.395	4.394	0.18	0.25
0.000	0.000	0.18	0.25
0.000	0.000	0.18	0.75
0.000	0.000	0.18	1.25
0.000	0.000	0.18	1.75
0.000	0.000	0.18	2.25
0.000	0.000	0.18	2.75
0.000	0.000	0.18	3.75
0.000	0.000	0.18	4.74
0.000	0.000	0.18	5.75
0.000	0.000	0.18	6.75
0.000	0.000	0.18	7.75
0.000	0.000	0.18	8.75
0.000	0.000	0.18	9.75
0.000	0.000	0.18	10.99
0.000	0.000	0.18	11.00
0.000	0.000	0.18	11.96
0.000	0.000	0.26	0.00
0.000	0.000	0.26	0.25
0.000	0.000	0.26	0.25
0.000	0.000	0.26	0.25
0.000	0.000	0.26	0.75
0.000	0.000	0.26	1.25
0.000	0.000	0.26	1.75
0.000	0.000	0.26	2.25
0.000	0.000	0.26	2.75
0.000	0.000	0.26	3.75
63.250	4.518	0.26	4.74
70.841	2.346	0.26	5.75
68.425	1.803	0.26	6.75
66.705	1.479	0.26	7.75
62.943	1.349	0.26	8.75
63.532	1.072	0.26	9.75
58.272	0.987	0.26	10.99
55.286	0.893	0.26	11.00
49.069	0.872	0.26	11.96
42.204	0.718	0.34	0.00
37.920	0.705	0.34	0.25
35.087	0.670	0.34	0.25
29.718	0.554	0.34	0.25
26.849	0.596	0.34	0.75
24.027	0.494	0.34	1.25
21.199	0.453	0.34	1.75
20.561	0.464	0.34	2.25
21.773	0.458	0.34	2.75
21.776	0.456	0.34	3.75
20.020	0.439	0.34	4.74
18.365	0.400	0.34	5.75
18.080	0.412	0.34	6.75
18.782	0.425	0.34	7.75
17.725	0.385	0.34	8.75
19.069	0.403	0.34	9.75
21.607	0.433	0.34	10.99
23.315	0.451	0.34	11.00
25.208	0.471	0.34	11.96
28.341	0.482	0.42	0.00
32.032	0.521	0.42	0.25
34.772	0.521	0.42	0.25
38.872	0.534	0.42	0.25
41.875	0.560	0.42	0.75
44.174	0.576	0.42	1.25
47.990	0.547	0.42	1.75
49.664	0.539	0.42	2.25
50.777	0.534	0.42	2.75
51.146	0.516	0.42	3.75
51.636	0.525	0.42	4.74
51.281	0.507	0.42	5.75
50.211	0.486	0.42	6.75
47.509	0.451	0.42	7.75
49.751	0.496	0.42	8.75
49.138	0.466	0.42	9.75
48.153	0.481	0.42	10.99
48.437	0.450	0.42	11.00
47.549	0.452	0.42	11.96
49.301	0.507	0.50	0.00
48.895	0.472	0.50	0.25
50.186	0.480	0.50	0.25
49.764	0.490	0.50	0.25
49.899	0.507	0.50	0.75
48.449	0.515	0.50	1.25
49.255	0.515	0.50	1.75
47.993	0.532	0.50	2.25
45.140	0.496	0.50	2.75
43.004	0.558	0.50	3.75
39.825	0.530	0.50	4.74
37.126	0.539	0.50	5.75
33.958	0.542	0.50	6.75
29.559	0.538	0.50	7.75
27.480	0.562	0.50	8.75
26.010	0.636	0.50	9.75
22.570	0.617	0.50	10.99
20.807	0.663	0.50	11.00
20.167	0.652	0.50	11.96
18.318	0.726	0.58	0.00
19.860	0.739	0.58	0.25
19.690	0.767	0.58	0.25
19.779	0.859	0.58	0.25
18.741	0.814	0.58	0.75
19.362	0.926	0.58	1.25
20.460	0.920	0.58	1.75
21.397	0.896	0.58	2.25
24.485	1.078	0.58	2.75
24.420	1.223	0.58	3.75
31.157	1.325	0.58	4.74
35.062	1.299	0.58	5.75
38.657	1.376	0.58	6.75
40.365	1.438	0.58	7.75
47.410	1.673	0.58	8.75
56.418	1.732	0.58	9.75
59.444	1.793	0.58	10.99
62.369	2.039	0.58	11.00
64.586	2.459	0.58	11.96
55.970	2.533	0.66	0.00
56.988	3.289	0.66	0.25
67.568	4.455	0.66	0.25
0.000	0.000	0.66	0.25
0.000	0.000	0.66	0.75
0.000	0.000	0.66	1.25
0.000	0.000	0.66	1.75
0.000	0.000	0.66	2.25
0.000	0.000	0.66	2.75
0.000	0.000	0.66	3.75
0.000	0.000	0.66	4.74
0.000	0.000	0.66	5.75
0.000	0.000	0.66	6.75
0.000	0.000	0.66	7.75
0.000	0.000	0.66	8.75
0.000	0.000	0.66	9.75
0.000	0.000	0.66	10.99
0.000	0.000	0.66	11.00
0.000	0.000	0.66	11.96
0.000	0.000	0.74	0.00
0.000	0.000	0.74	0.25
0.000	0.000	0.74	0.25
0.000	0.000	0.74	0.25
0.000	0.000	0.74	0.75
0.000	0.000	0.74	1.25
51.644	4.250	0.74	1.75
60.723	2.600	0.74	2.25
57.491	1.874	0.74	2.75
56.701	1.331	0.74	3.75
53.388	1.225	0.74	4.74
51.088	1.144	0.74	5.75
53.494	0.962	0.74	6.75
51.673	0.907	0.74	7.75
49.895	0.908	0.74	8.75
47.952	0.847	0.74	9.75
46.009	0.763	0.74	10.99
40.923	0.792	0.74	11.00
38.130	0.669	0.74	11.96
31.145	0.613	0.82	0.00
28.664	0.627	0.82	0.25
26.657	0.545	0.82	0.25
22.448	0.517	0.82	0.25
20.989	0.492	0.82	0.75
20.414	0.440	0.82	1.25
19.289	0.482	0.82	1.75
18.934	0.410	0.82	2.25
15.538	0.388	0.82	2.75
15.880	0.399	0.82	3.75
16.401	0.394	0.82	4.74
17.078	0.406	0.82	5.75
16.402	0.399	0.82	6.75
18.802	0.413	0.82	7.75
19.390	0.416	0.82	8.75
22.762	0.457	0.82	9.75
24.701	0.478	0.82	10.99
26.621	0.466	0.82	11.00
29.103	0.500	0.82	11.96
32.363	0.531	0.90	0.00
32.844	0.494	0.90	0.25
35.569	0.489	0.90	0.25
37.115	0.495	0.90	0.25
39.084	0.481	0.90	0.75
39.809	0.475	0.90	1.25
39.158	0.452	0.90	1.75
40.450	0.450	0.90	2.25
41.876	0.459	0.90	2.75
42.219	0.444	0.90	3.75
42.040	0.447	0.90	4.74
41.699	0.410	0.90	5.75
42.846	0.432	0.90	6.75
43.738	0.432	0.90	7.75
43.392	0.431	0.90	8.75
43.662	0.444	0.90	9.75
43.684	0.440	0.90	10.99
42.937	0.413	0.90	11.00
42.571	0.437	0.90	11.96
41.346	0.431	0.98	0.00
41.743	0.453	0.98	0.25
41.791	0.452	0.98	0.25
40.859	0.466	0.98	0.25
39.123	0.441	0.98	0.75
38.921	0.461	0.98	1.25
37.116	0.462	0.98	1.75
35.912	0.475	0.98	2.25
34.727	0.489	0.98	2.75
32.758	0.480	0.98	3.75
29.932	0.469	0.98	4.74
28.866	0.532	0.98	5.75
26.666	0.524	0.98	6.75
24.791	0.526	0.98	7.75
22.410	0.568	0.98	8.75
20.381	0.629	0.98	9.75
17.062	0.593	0.98	10.99
18.024	0.643	0.98	11.00
18.517	0.739	0.98	11.96
19.290	0.723	1.06	0.00
18.782	0.788	1.06	0.25
20.059	0.827	1.06	0.25
21.566	0.962	1.06	0.25
19.499	0.847	1.06	0.75
21.888	0.949	1.06	1.25
25.942	1.357	1.06	1.75
23.987	1.079	1.06	2.25
28.998	1.344	1.06	2.75
34.344	1.406	1.06	3.75
35.099	1.354	1.06	4.74
40.320	1.689	1.06	5.75
49.230	1.788	1.06	6.75
56.127	1.655	1.06	7.75
58.531	1.908	1.06	8.75
57.084	1.907	1.06	9.75
56.902	1.739	1.06	10.99
54.061	2.095	1.06	11.00
51.762	2.103	1.06	11.96
48.316	2.428	1.14	0.00
51.139	3.222	1.14	0.25
50.958	4.021	1.14	0.25
0.000	0.000	1.14	0.25
0.000	0.000	1.14	0.75
0.000	0.000	1.14	1.25
0.000	0.000	1.14	1.75
0.000	0.000	1.14	2.25
0.000	0.000	1.14	2.75
0.000	0.000	1.14	3.75
0.000	0.000	1.14	4.74
0.000	0.000	1.14	5.75
0.000	0.000	1.14	6.75
0.000	0.000	1.14	7.75
0.000	0.000	1.14	8.75
0.000	0.000	1.14	9.75
0.000	0.000	1.14	10.99
0.000	0.000	1.14	11.00
0.000	0.000	1.14	11.96
0.000	0.000	1.22	0.00
0.000	0.000	1.22	0.25
0.000	0.000	1.22	0.25
52.603	2.169	1.22	0.25
52.333	1.488	1.22	0.75
47.638	1.133	1.22	1.25
43.427	0.983	1.22	1.75
45.957	0.878	1.22	2.25
44.993	0.813	1.22	2.75
44.529	0.769	1.22	3.75
45.758	0.777	1.22	4.74
43.781	0.716	1.22	5.75
43.228	0.713	1.22	6.75
41.821	0.707	1.22	7.75
40.173	0.652	1.22	8.75
36.792	0.603	1.22	9.75
34.806	0.589	1.22	10.99
31.315	0.536	1.22	11.00
27.518	0.538	1.22	11.96
25.120	0.471	1.30	0.00
20.613	0.415	1.30	0.25
20.008	0.412	1.30	0.25
19.973	0.385	1.30	0.25
16.366	0.366	1.30	0.75
14.879	0.359	1.30	1.25
13.206	0.314	1.30	1.75
13.535	0.341	1.30	2.25
13.466	0.314	1.30	2.75
14.710	0.341	1.30	3.75
15.086	0.345	1.30	4.74
16.367	0.355	1.30	5.75
18.464	0.344	1.30	6.75
21.396	0.383	1.30	7.75
23.343	0.418	1.30	8.75
24.894	0.394	1.30	9.75
26.761	0.429	1.30	10.99
27.610	0.404	1.30	11.00
28.856	0.405	1.30	11.96
29.259	0.370	1.38	0.00
30.930	0.378	1.38	0.25
30.759	0.353	1.38	0.25
31.117	0.365	1.38	0.25
32.217	0.348	1.38	0.75
32.798	0.360	1.38	1.25
33.610	0.342	1.38	1.75
34.406	0.347	1.38	2.25
35.953	0.340	1.38	2.75
36.105	0.344	1.38	3.75
37.926	0.344	1.38	4.74
37.706	0.340	1.38	5.75
37.165	0.331	1.38	6.75
37.554	0.338	1.38	7.75
37.162	0.342	1.38	8.75
37.153	0.343	1.38	9.75
36.421	0.335	1.38	10.99
34.690	0.334	1.38	11.00
35.217	0.363	1.38	11.96
32.699	0.325	1.46	0.00
32.432	0.369	1.46	0.25
31.747	0.341	1.46	0.25
30.675	0.342	1.46	0.25
30.211	0.346	1.46	0.75
29.556	0.362	1.46	1.25
29.044	0.372	1.46	1.75
28.240	0.382	1.46	2.25
26.088	0.385	1.46	2.75
25.247	0.412	1.46	3.75
24.013	0.411	1.46	4.74
22.083	0.412	1.46	5.75
19.859	0.442	1.46	6.75
18.554	0.502	1.46	7.75
16.639	0.500	1.46	8.75
16.252	0.530	1.46	9.75
16.455	0.566	1.46	10.99
15.907	0.542	1.46	11.00
17.025	0.601	1.46	11.96
15.489	0.636	1.54	0.00
17.756	0.693	1.54	0.25
18.608	0.746	1.54	0.25
21.616	0.820	1.54	0.25
21.382	0.876	1.54	0.75
24.363	0.987	1.54	1.25
28.500	1.145	1.54	1.75
26.254	1.106	1.54	2.25
33.466	1.188	1.54	2.75
34.958	1.295	1.54	3.75
40.854	1.343	1.54	4.74
47.229	1.553	1.54	5.75
49.730	1.565	1.54	6.75
50.676	1.498	1.54	7.75
51.609	1.549	1.54	8.75
54.330	1.543	1.54	9.75
49.767	1.544	1.54	10.99
38.969	1.364	1.54	11.00
41.270	1.630	1.54	11.96
39.250	1.799	1.62	0.00
37.980	2.226	1.62	0.25
48.578	2.861	1.62	0.25
0.000	0.000	1.62	0.25
0.000	0.000	1.62	0.75
0.000	0.000	1.62	1.25
0.000	0.000	1.62	1.75
0.000	0.000	1.62	2.25
0.000	0.000	1.62	2.75
0.000	0.000	1.62	3.75
0.000	0.000	1.62	4.74
0.000	0.000	1.62	5.75
0.000	0.000	1.62	6.75
0.000	0.000	1.62	7.75
0.000	0.000	1.62	8.75
0.000	0.000	1.62	9.75
0.000	0.000	1.62	10.99
0.000	0.000	1.62	11.00
47.094	3.489	1.62	11.96
47.496	1.588	1.70	0.00
42.585	1.200	1.70	0.25
44.678	1.007	1.70	0.25
39.903	0.870	1.70	0.25
39.434	0.808	1.70	0.75
39.117	0.810	1.70	1.25
39.178	0.708	1.70	1.75
39.618	0.736	1.70	2.25
38.937	0.755	1.70	2.75
39.903	0.653	1.70	3.75
39.977	0.688	1.70	4.74
40.746	0.723	1.70	5.75
37.136	0.598	1.70	6.75
32.927	0.656	1.70	7.75
31.861	0.538	1.70	8.75
28.508	0.505	1.70	9.75
24.293	0.499	1.70	10.99
21.357	0.431	1.70	11.00
19.460	0.430	1.70	11.96
19.910	0.423	1.78	0.00
16.270	0.369	1.78	0.25
14.569	0.371	1.78	0.25
12.821	0.341	1.78	0.25
11.120	0.304	1.78	0.75
10.207	0.287	1.78	1.25
10.744	0.298	1.78	1.75
12.318	0.304	1.78	2.25
13.730	0.327	1.78	2.75
14.588	0.334	1.78	3.75
16.246	0.323	1.78	4.74
18.092	0.387	1.78	5.75
20.681	0.398	1.78	6.75
22.034	0.386	1.78	7.75
23.373	0.373	1.78	8.75
24.092	0.365	1.78	9.75
25.622	0.360	1.78	10.99
25.602	0.338	1.78	11.00
25.471	0.341	1.78	11.96
25.597	0.320	1.86	0.00
26.248	0.312	1.86	0.25
27.373	0.301	1.86	0.25
28.608	0.324	1.86	0.25
29.028	0.321	1.86	0.75
30.397	0.310	1.86	1.25
31.662	0.313	1.86	1.75
31.478	0.298	1.86	2.25
30.497	0.296	1.86	2.75
27.372	0.285	1.86	3.75
27.127	0.279	1.86	4.74
29.243	0.291	1.86	5.75
25.957	0.282	1.86	6.75
27.316	0.288	1.86	7.75
31.968	0.305	1.86	8.75
32.137	0.317	1.86	9.75
29.876	0.291	1.86	10.99
29.439	0.322	1.86	11.00
28.389	0.334	1.86	11.96
27.726	0.303	1.94	0.00
27.289	0.308	1.94	0.25
26.148	0.320	1.94	0.25
25.963	0.338	1.94	0.25
25.194	0.322	1.94	0.75
26.001	0.358	1.94	1.25
24.317	0.355	1.94	1.75
23.372	0.382	1.94	2.25
21.688	0.375	1.94	2.75
19.217	0.362	1.94	3.75
18.053	0.399	1.94	4.74
16.916	0.427	1.94	5.75
15.941	0.448	1.94	6.75
14.342	0.464	1.94	7.75
14.541	0.494	1.94	8.75
12.634	0.500	1.94	9.75
13.321	0.552	1.94	10.99
15.285	0.606	1.94	11.00
15.160	0.565	1.94	11.96
15.559	0.652	2.02	0.00
16.585	0.727	2.02	0.25
20.607	0.774	2.02	0.25
20.138	0.840	2.02	0.25
22.666	1.008	2.02	0.75
25.570	1.103	2.02	1.25
28.496	1.070	2.02	1.75
27.366	1.305	2.02	2.25
35.636	1.263	2.02	2.75
36.132	1.270	2.02	3.75
38.306	1.402	2.02	4.74
44.034	1.463	2.02	5.75
45.850	1.716	2.02	6.75
45.971	1.482	2.02	7.75
48.511	1.562	2.02	8.75
49.196	1.585	2.02	9.75
35.984	1.314	2.02	10.99
34.906	1.299	2.02	11.00
34.524	1.348	2.02	11.96
36.012	2.015	2.10	0.00
38.727	2.332	2.10	0.25
33.331	3.498	2.10	0.25
0.000	0.000	2.10	0.25
0.000	0.000	2.10	0.75
0.000	0.000	2.10	1.25
0.000	0.000	2.10	1.75
0.000	0.000	2.10	2.25
0.000	0.000	2.10	2.75
0.000	0.000	2.10	3.75
0.000	0.000	2.10	4.74
0.000	0.000	2.10	5.75
0.000	0.000	2.10	6.75
0.000	0.000	2.10	7.75
46.001	6.235	2.10	8.75
42.264	2.214	2.10	9.75
38.214	1.323	2.10	10.99
38.631	1.064	2.10	11.00
35.434	0.926	2.10	11.96
34.780	0.860	2.18	0.00
33.317	0.826	2.18	0.25
35.458	0.843	2.18	0.25
35.645	0.779	2.18	0.25
34.126	0.744	2.18	0.75
34.083	0.704	2.18	1.25
36.379	0.739	2.18	1.75
41.536	0.776	2.18	2.25
41.552	0.807	2.18	2.75
39.387	0.695	2.18	3.75
39.391	0.765	2.18	4.74
32.833	0.632	2.18	5.75
26.457	0.558	2.18	6.75
22.171	0.551	2.18	7.75
20.138	0.437	2.18	8.75
19.484	0.471	2.18	9.75
19.252	0.500	2.18	10.99
15.431	0.390	2.18	11.00
12.446	0.360	2.18	11.96
11.319	0.362	2.26	0.00
10.609	0.353	2.26	0.25
9.522	0.291	2.26	0.25
7.894	0.278	2.26	0.25
8.920	0.305	2.26	0.75
9.991	0.296	2.26	1.25
10.054	0.312	2.26	1.75
12.232	0.322	2.26	2.25
13.737	0.335	2.26	2.75
15.315	0.361	2.26	3.75
16.725	0.368	2.26	4.74
17.375	0.382	2.26	5.75
19.413	0.339	2.26	6.75
20.502	0.345	2.26	7.75
20.772	0.325	2.26	8.75
21.162	0.335	2.26	9.75
20.812	0.297	2.26	10.99
21.641	0.319	2.26	11.00
21.747	0.296	2.26	11.96
21.179	0.297	2.34	0.00
21.643	0.279	2.34	0.25
21.642	0.269	2.34	0.25
20.326	0.272	2.34	0.25
19.448	0.277	2.34	0.75
20.212	0.264	2.34	1.25
21.398	0.281	2.34	1.75
20.699	0.282	2.34	2.25
20.517	0.283	2.34	2.75
20.725	0.276	2.34	3.75
19.745	0.277	2.34	4.74
20.157	0.278	2.34	5.75
19.993	0.271	2.34	6.75
19.557	0.271	2.34	7.75
18.760	0.271	2.34	8.75
19.737	0.258	2.34	9.75
22.383	0.284	2.34	10.99
22.030	0.296	2.34	11.00
22.077	0.305	2.34	11.96
21.713	0.318	2.42	0.00
21.660	0.309	2.42	0.25
20.844	0.308	2.42	0.25
20.421	0.332	2.42	0.25
19.520	0.325	2.42	0.75
18.944	0.343	2.42	1.25
16.968	0.335	2.42	1.75
15.814	0.364	2.42	2.25
14.232	0.361	2.42	2.75
13.088	0.349	2.42	3.75
12.138	0.385	2.42	4.74
11.399	0.404	2.42	5.75
11.412	0.457	2.42	6.75
9.727	0.455	2.42	7.75
11.391	0.493	2.42	8.75
12.620	0.589	2.42	9.75
14.295	0.580	2.42	10.99
16.384	0.817	2.42	11.00
14.358	0.663	2.42	11.96
15.814	0.723	2.50	0.00
15.480	0.786	2.50	0.25
17.598	0.854	2.50	0.25
20.956	1.010	2.50	0.25
25.630	1.155	2.50	0.75
24.846	1.116	2.50	1.25
27.777	1.265	2.50	1.75
24.535	1.204	2.50	2.25
24.984	1.207	2.50	2.75
26.763	1.177	2.50	3.75
27.316	1.348	2.50	4.74
38.643	1.645	2.50	5.75
39.445	1.480	2.50	6.75
43.886	1.813	2.50	7.75
40.540	1.599	2.50	8.75
29.023	1.181	2.50	9.75
29.753	1.478	2.50	10.99
27.819	1.246	2.50	11.00
29.420	1.472	2.50	11.96
29.556	1.906	2.58	0.00
31.941	2.473	2.58	0.25
27.074	4.680	2.58	0.25
0.000	0.000	2.58	0.25
0.000	0.000	2.58	0.75
0.000	0.000	2.58	1.25
0.000	0.000	2.58	1.75
0.000	0.000	2.58	2.25
0.000	0.000	2.58	2.75
0.000	0.000	2.58	3.75
0.000	0.000	2.58	4.74
22.321	2.604	2.58	5.75
25.065	1.340	2.58	6.75
24.794	0.996	2.58	7.75
24.326	0.908	2.58	8.75
24.647	0.823	2.58	9.75
25.139	0.816	2.58	10.99
24.378	0.727	2.58	11.00
23.003	0.703	2.58	11.96
24.250	0.760	2.66	0.00
25.490	0.685	2.66	0.25
24.289	0.695	2.66	0.25
25.011	0.682	2.66	0.25
31.892	0.758	2.66	0.75
26.440	0.736	2.66	1.25
22.702	0.623	2.66	1.75
20.833	0.555	2.66	2.25
21.369	0.590	2.66	2.75
20.762	0.533	2.66	3.75
18.548	0.552	2.66	4.74
14.975	0.433	2.66	5.75
15.213	0.468	2.66	6.75
15.509	0.479	2.66	7.75
13.214	0.410	2.66	8.75
8.607	0.352	2.66	9.75
9.814	0.357	2.66	10.99
8.165	0.317	2.66	11.00
6.534	0.313	2.66	11.96
4.934	0.261	2.74	0.00
5.394	0.251	2.74	0.25
5.849	0.254	2.74	0.25
6.291	0.261	2.74	0.25
7.270	0.292	2.74	0.75
8.383	0.304	2.74	1.25
8.552	0.301	2.74	1.75
9.752	0.301	2.74	2.25
11.573	0.336	2.74	2.75
10.831	0.295	2.74	3.75
12.196	0.296	2.74	4.74
12.412	0.279	2.74	5.75
12.803	0.282	2.74	6.75
12.947	0.270	2.74	7.75
12.993	0.245	2.74	8.75
13.417	0.265	2.74	9.75
13.358	0.254	2.74	10.99
10.227	0.252	2.74	11.00
10.722	0.267	2.74	11.96
10.407	0.274	2.82	0.00
10.558	0.270	2.82	0.25
11.426	0.276	2.82	0.25
10.973	0.284	2.82	0.25
10.504	0.269	2.82	0.75
12.236	0.281	2.82	1.25
11.746	0.290	2.82	1.75
11.448	0.272	2.82	2.25
11.988	0.289	2.82	2.75
10.641	0.277	2.82	3.75
11.545	0.279	2.82	4.74
10.479	0.288	2.82	5.75
10.590	0.271	2.82	6.75
10.947	0.273	2.82	7.75
9.838	0.266	2.82	8.75
9.054	0.250	2.82	9.75
11.799	0.249	2.82	10.99
13.872	0.267	2.82	11.00
12.981	0.254	2.82	11.96
13.828	0.261	2.90	0.00
12.678	0.266	2.90	0.25
12.719	0.295	2.90	0.25
11.785	0.286	2.90	0.25
11.234	0.297	2.90	0.75
10.202	0.287	2.90	1.25
9.661	0.311	2.90	1.75
8.073	0.297	2.90	2.25
7.773	0.296	2.90	2.75
6.245	0.308	2.90	3.75
7.389	0.339	2.90	4.74
6.516	0.368	2.90	5.75
6.338	0.396	2.90	6.75
6.356	0.430	2.90	7.75
8.213	0.513	2.90	8.75
10.930	0.604	2.90	9.75
9.713	0.594	2.90	10.99
11.171	0.726	2.90	11.00
11.682	0.665	2.90	11.96
12.042	0.749	2.98	0.00
14.467	0.874	2.98	0.25
16.133	1.010	2.98	0.25
17.679	0.958	2.98	0.25
17.190	1.107	2.98	0.75
15.888	1.035	2.98	1.25
16.020	1.004	2.98	1.75
15.745	1.225	2.98	2.25
14.539	1.016	2.98	2.75
19.314	1.083	2.98	3.75
21.161	1.297	2.98	4.74
25.052	1.367	2.98	5.75
29.232	1.486	2.98	6.75
26.175	1.542	2.98	7.75
18.319	1.252	2.98	8.75
18.795	1.102	2.98	9.75
21.176	1.224	2.98	10.99
19.753	1.243	2.98	11.00
22.145	1.388	2.98	11.96
14.936	1.574	3.06	0.00
18.637	2.320	3.06	0.25
0.000	0.000	3.06	0.25
0.000	0.000	3.06	0.25
0.000	0.000	3.06	0.75
0.000	0.000	3.06	1.25
0.000	0.000	3.06	1.75
0.000	0.000	3.06	2.25
22.337	2.654	3.06	2.75
21.135	1.322	3.06	3.75
17.994	1.230	3.06	4.74
21.155	1.290	3.06	5.75
20.032	1.139	3.06	6.75
20.116	0.975	3.06	7.75
17.496	1.054	3.06	8.75
19.599	0.902	3.06	9.75
18.676	0.859	3.06	10.99
18.634	1.054	3.06	11.00
21.789	0.844	3.06	11.96
24.344	0.977	3.14	0.00
26.772	1.189	3.14	0.25
19.810	0.775	3.14	0.25
14.904	0.756	3.14	0.25
13.863	0.760	3.14	0.75
12.189	0.558	3.14	1.25
12.261	0.634	3.14	1.75
13.218	0.648	3.14	2.25
14.365	0.605	3.14	2.75
14.130	0.705	3.14	3.75
11.635	0.602	3.14	4.74
9.024	0.531	3.14	5.75
8.251	0.458	3.14	6.75
6.578	0.526	3.14	7.75
7.072	0.431	3.14	8.75
5.189	0.364	3.14	9.75
4.913	0.369	3.14	10.99
3.705	0.335	3.14	11.00
3.830	0.340	3.14	11.96
4.912	0.317	3.22	0.00
5.019	0.391	3.22	0.25
3.878	0.301	3.22	0.25
5.799	0.356	3.22	0.25
6.203	0.372	3.22	0.75
6.730	0.366	3.22	1.25
7.443	0.316	3.22	1.75
7.463	0.342	3.22	2.25
8.577	0.342	3.22	2.75
8.133	0.307	3.22	3.75
9.021	0.309	3.22	4.74
9.252	0.328	3.22	5.75
5.779	0.287	3.22	6.75
8.466	0.384	3.22	7.75
7.843	0.383	3.22	8.75
9.933	0.376	3.22	9.75
9.761	0.437	3.22	10.99
7.895	0.370	3.22	11.00
7.983	0.397	3.22	11.96
8.927	0.399	3.30	0.00
8.461	0.399	3.30	0.25
5.853	0.399	3.30	0.25
11.801	0.409	3.30	0.25
7.919	0.405	3.30	0.75
9.682	0.401	3.30	1.25
8.724	0.418	3.30	1.75
7.643	0.391	3.30	2.25
8.837	0.411	3.30	2.75
9.046	0.396	3.30	3.75
8.133	0.407	3.30	4.74
8.162	0.387	3.30	5.75
7.937	0.388	3.30	6.75
7.416	0.402	3.30	7.75
7.544	0.379	3.30	8.75
7.158	0.344	3.30	9.75
4.756	0.359	3.30	10.99
9.314	0.310	3.30	11.00
8.668	0.283	3.30	11.96
8.685	0.317	3.38	0.00
8.002	0.322	3.38	0.25
8.220	0.339	3.38	0.25
7.577	0.328	3.38	0.25
6.826	0.341	3.38	0.75
6.450	0.367	3.38	1.25
4.796	0.334	3.38	1.75
4.770	0.343	3.38	2.25
4.561	0.380	3.38	2.75
3.886	0.335	3.38	3.75
4.754	0.461	3.38	4.74
4.191	0.447	3.38	5.75
5.459	0.555	3.38	6.75
6.514	0.657	3.38	7.75
6.940	0.740	3.38	8.75
9.810	0.962	3.38	9.75
8.011	0.861	3.38	10.99
8.357	0.723	3.38	11.00
7.830	1.041	3.38	11.96
9.042	0.981	3.46	0.00
11.982	1.032	3.46	0.25
13.135	1.439	3.46	0.25
13.372	1.279	3.46	0.25
11.693	1.260	3.46	0.75
10.481	1.248	3.46	1.25
12.000	1.379	3.46	1.75
11.419	1.518	3.46	2.25
12.448	1.191	3.46	2.75
15.270	1.686	3.46	3.75
19.884	1.718	3.46	4.74
18.206	1.571	3.46	5.75
20.323	2.233	3.46	6.75
13.855	1.650	3.46	7.75
15.504	1.616	3.46	8.75
12.780	1.495	3.46	9.75
13.387	1.390	3.46	10.99
12.890	1.496	3.46	11.00
15.951	1.867	3.46	11.96
16.004	2.703	3.54	0.00
0.000	0.000	3.54	0.25
0.000	0.000	3.54	0.25
0.000	0.000	3.54	0.25
0.000	0.000	3.54	0.75
21.391	3.270	3.54	1.25
20.674	1.675	3.54	1.75
19.824	1.799	3.54	2.25
18.893	1.447	3.54	2.75
22.787	1.397	3.54	3.75
22.453	1.294	3.54	4.74
19.922	1.573	3.54	5.75
20.034	1.130	3.54	6.75
17.766	1.025	3.54	7.75
17.035	1.228	3.54	8.75
18.596	1.032	3.54	9.75
19.083	1.146	3.54	10.99
23.077	1.303	3.54	11.00
34.822	1.322	3.54	11.96
17.888	1.025	3.62	0.00
15.278	0.973	3.62	0.25
13.060	0.697	3.62	0.25
12.363	0.749	3.62	0.25
12.928	0.913	3.62	0.75
13.617	0.709	3.62	1.25
16.967	0.995	3.62	1.75
13.074	0.852	3.62	2.25
14.083	0.751	3.62	2.75
8.198	0.624	3.62	3.75
7.233	0.683	3.62	4.74
8.538	0.548	3.62	5.75
6.363	0.461	3.62	6.75
3.724	0.442	3.62	7.75
3.514	0.406	3.62	8.75
3.903	0.344	3.62	9.75
3.913	0.352	3.62	10.99
5.180	0.554	3.62	11.00
4.513	0.347	3.62	11.96
4.607	0.424	3.70	0.00
6.548	0.439	3.70	0.25
6.978	0.507	3.70	0.25
6.519	0.431	3.70	0.25
7.623	0.513	3.70	0.75
7.626	0.470	3.70	1.25
7.882	0.394	3.70	1.75
9.071	0.446	3.70	2.25
8.800	0.369	3.70	2.75
9.574	0.414	3.70	3.75
8.651	0.363	3.70	4.74
1.552	0.456	3.70	5.75
1.767	0.415	3.70	6.75
0.396	0.436	3.70	7.75
1.925	0.424	3.70	8.75
0.074	0.436	3.70	9.75
3.654	0.433	3.70	10.99
1.203	0.438	3.70	11.00
0.268	0.447	3.70	11.96
4.897	0.458	3.78	0.00
0.000	0.452	3.78	0.25
0.180	0.460	3.78	0.25
2.798	0.468	3.78	0.25
1.108	0.417	3.78	0.75
2.439	0.462	3.78	1.25
1.434	0.439	3.78	1.75
0.000	0.444	3.78	2.25
1.836	0.443	3.78	2.75
1.099	0.414	3.78	3.75
0.424	0.414	3.78	4.74
0.000	0.436	3.78	5.75
0.263	0.435	3.78	6.75
0.458	0.364	3.78	7.75
3.146	0.419	3.78	8.75
8.550	0.407	3.78	9.75
8.955	0.381	3.78	10.99
8.486	0.382	3.78	11.00
7.795	0.377	3.78	11.96
7.772	0.429	3.86	0.00
7.237	0.468	3.86	0.25
6.238	0.469	3.86	0.25
5.303	0.392	3.86	0.25
5.294	0.417	3.86	0.75
4.422	0.413	3.86	1.25
4.784	0.409	3.86	1.75
4.455	0.477	3.86	2.25
3.611	0.432	3.86	2.75
4.046	0.594	3.86	3.75
4.266	0.614	3.86	4.74
3.992	0.606	3.86	5.75
7.128	0.930	3.86	6.75
8.129	0.992	3.86	7.75
10.953	1.150	3.86	8.75
11.688	1.690	3.86	9.75
9.994	1.262	3.86	10.99
8.190	0.973	3.86	11.00
9.586	1.454	3.86	11.96
7.965	1.356	3.94	0.00
11.004	1.159	3.94	0.25
10.536	1.641	3.94	0.25
12.406	1.806	3.94	0.25
9.790	1.393	3.94	0.75
9.617	1.448	3.94	1.25
13.199	2.103	3.94	1.75
17.981	1.933	3.94	2.25
16.302	1.777	3.94	2.75
16.511	2.233	3.94	3.75
19.548	2.162	3.94	4.74
16.941	2.099	3.94	5.75
17.101	1.886	3.94	6.75
15.080	2.107	3.94	7.75
15.046	2.162	3.94	8.75
16.962	1.730	3.94	9.75
20.029	2.450	3.94	10.99
16.966	2.265	3.94	11.00
25.219	3.399	3.94	11.96
0.000	0.000	4.02	0.00
0.000	0.000	4.02	0.25
29.417	2.212	4.02	0.25
25.618	1.381	4.02	0.25
23.188	1.218	4.02	0.75
21.589	1.137	4.02	1.25
27.748	1.221	4.02	1.75
22.061	0.923	4.02	2.25
21.278	0.971	4.02	2.75
20.849	0.837	4.02	3.75
16.054	0.823	4.02	4.74
22.043	0.879	4.02	5.75
21.577	0.831	4.02	6.75
18.706	0.956	4.02	7.75
26.738	0.864	4.02	8.75
31.636	0.925	4.02	9.75
19.633	0.838	4.02	10.99
16.259	0.633	4.02	11.00
13.371	0.573	4.02	11.96
12.660	0.580	4.10	0.00
11.884	0.531	4.10	0.25
11.805	0.568	4.10	0.25
12.134	0.572	4.10	0.25
11.794	0.539	4.10	0.75
11.673	0.535	4.10	1.25
9.671	0.522	4.10	1.75
7.316	0.430	4.10	2.25
6.573	0.358	4.10	2.75
6.374	0.368	4.10	3.75
5.623	0.339	4.10	4.74
4.423	0.290	4.10	5.75
3.582	0.267	4.10	6.75
4.072	0.278	4.10	7.75
3.750	0.265	4.10	8.75
3.554	0.251	4.10	9.75
4.860	0.319	4.10	10.99
4.677	0.288	4.10	11.00
4.945	0.300	4.10	11.96
5.360	0.293	4.18	0.00
6.120	0.310	4.18	0.25
6.079	0.284	4.18	0.25
6.357	0.267	4.18	0.25
7.206	0.260	4.18	0.75
7.183	0.246	4.18	1.25
7.092	0.268	4.18	1.75
9.346	0.389	4.18	2.25
9.878	0.435	4.18	2.75
9.534	0.400	4.18	3.75
9.525	0.430	4.18	4.74
14.903	0.472	4.18	5.75
3.578	0.369	4.18	6.75
9.801	0.472	4.18	7.75
8.870	0.403	4.18	8.75
9.511	0.455	4.18	9.75
16.215	0.486	4.18	10.99
2.918	0.414	4.18	11.00
11.398	0.468	4.18	11.96
5.086	0.411	4.26	0.00
12.232	0.497	4.26	0.25
5.027	0.396	4.26	0.25
12.119	0.478	4.26	0.25
5.827	0.414	4.26	0.75
9.759	0.483	4.26	1.25
8.687	0.408	4.26	1.75
9.029	0.446	4.26	2.25
10.755	0.437	4.26	2.75
5.383	0.408	4.26	3.75
6.362	0.414	4.26	4.74
4.422	0.397	4.26	5.75
3.957	0.379	4.26	6.75
4.176	0.371	4.26	7.75
6.709	0.348	4.26	8.75
6.807	0.241	4.26	9.75
6.525	0.245	4.26	10.99
6.256	0.268	4.26	11.00
6.045	0.262	4.26	11.96
5.336	0.268	4.34	0.00
4.496	0.273	4.34	0.25
4.735	0.285	4.34	0.25
4.381	0.268	4.34	0.25
4.476	0.316	4.34	0.75
4.028	0.269	4.34	1.25
3.509	0.288	4.34	1.75
3.466	0.315	4.34	2.25
5.010	0.446	4.34	2.75
5.121	0.427	4.34	3.75
5.406	0.519	4.34	4.74
6.319	0.663	4.34	5.75
6.675	0.654	4.34	6.75
6.077	0.676	4.34	7.75
7.333	0.802	4.34	8.75
9.245	0.888	4.34	9.75
9.103	0.948	4.34	10.99
9.612	0.952	4.34	11.00
9.987	0.886	4.34	11.96
9.559	0.985	4.41	0.00
10.083	1.039	4.41	0.25
10.482	1.001	4.41	0.25
11.810	1.350	4.41	0.25
14.393	1.262	4.41	0.75
13.215	1.354	4.41	1.25
14.080	1.383	4.41	1.75
15.933	1.420	4.41	2.25
19.936	1.571	4.41	2.75
15.573	1.365	4.41	3.75
14.746	1.527	4.41	4.74
16.465	1.417	4.41	5.75
15.992	1.433	4.41	6.75
18.043	1.549	4.41	7.75
19.293	1.404	4.41	8.75
19.288	1.609	4.41	9.75
18.323	1.680	4.41	10.99
23.381	2.113	4.41	11.00
33.522	5.710	4.41	11.96